0.7616249918937683 0.6610999703407288
0.7616426348686218 0.6709872484207153
0.7618944048881531 0.680314838886261
0.7623049020767212 0.6820748448371887
0.7619056701660156 0.686409056186676
0.7618740797042847 0.6860604882240295
0.7619326710700989 0.6848709583282471
0.7603625059127808 0.6850981116294861
0.7588002681732178 0.6883794069290161
0.7587660551071167 0.6916744112968445
0.7598425149917603 0.6906787753105164
0.7614649534225464 0.6909446120262146
0.7631474733352661 0.6906356811523438
0.76362544298172 0.689663827419281
0.764076828956604 0.6895570158958435
0.7640115022659302 0.6891887784004211
0.7742346525192261 0.6754006147384644
0.7777822613716125 0.6755611300468445
0.7795132398605347 0.6740342378616333
0.8222066164016724 0.6505728363990784
0.9087518453598022 0.5686041116714478
0.9204290509223938 0.5043489933013916
0.9306628108024597 0.4663855731487274
0.9265937805175781 0.3972643315792084
0.821290135383606 0.3299909830093384
0.7837257385253906 0.33471015095710754
0.798272967338562 0.4072946608066559
0.8067229390144348 0.42767369747161865
0.7810028791427612 0.6650802493095398
0.8442853093147278 0.4103783965110779
0.7862982749938965 0.4456203281879425
0.7829476594924927 0.6129302978515625
0.7673836350440979 0.35001739859580994
0.7786142230033875 0.33840805292129517
0.8231331706047058 0.3229655623435974
0.8297656178474426 0.31843075156211853
0.8835985064506531 0.3156866133213043
0.8706382513046265 0.3458012640476227
0.7671673893928528 0.3570110499858856
0.6296859383583069 0.4454970359802246
0.5490230917930603 0.5180349946022034
0.507967472076416 0.5419111847877502
0.47265663743019104 0.5564136505126953
0.4662838876247406 0.5625182390213013
0.47007307410240173 0.560791015625
0.4745245575904846 0.5610726475715637
0.5216187238693237 0.5432080030441284
0.5370267629623413 0.5357021689414978
0.7053014039993286 0.4712965786457062
0.7966569066047668 0.4046849310398102
0.7774974703788757 0.3811045289039612
0.7477790117263794 0.3472817540168762
0.748846173286438 0.3480913043022156
0.7255931496620178 0.32509106397628784
0.720501720905304 0.32274913787841797
0.7581037878990173 0.2321128398180008
0.763603925704956 0.23031295835971832
0.7488183975219727 0.25606486201286316
0.7432634234428406 0.27009865641593933
0.7382017374038696 0.27680662274360657
0.7370436191558838 0.28908634185791016
0.7360197305679321 0.28142592310905457
0.7354439496994019 0.27819404006004333
0.7531717419624329 0.3334796726703644
0.7497539520263672 0.34985676407814026
0.7522850036621094 0.3512840270996094
0.7670068740844727 0.35364440083503723
0.7629023790359497 0.3476181626319885
0.7806733250617981 0.33463409543037415
0.8609460592269897 0.45633429288864136
0.8676736950874329 0.4682754576206207
0.8341528177261353 0.6318787336349487
0.74725341796875 0.7079639434814453
0.7344546318054199 0.7111695408821106
0.7222412824630737 0.6853379607200623
0.7235331535339355 0.6903818845748901
0.7074618339538574 0.6776311993598938
0.7068368792533875 0.6804973483085632
0.7818050980567932 0.6598101258277893
0.8671365976333618 0.6014244556427002
0.8965407609939575 0.5437213182449341
0.904272735118866 0.485039621591568
0.9023467302322388 0.4765401780605316
0.8706911206245422 0.41392403841018677
0.8105396032333374 0.3519763946533203
0.761141300201416 0.39009398221969604
0.8346771001815796 0.45734623074531555
0.8314355611801147 0.4609360992908478
0.7607209086418152 0.46206048130989075
0.7484824657440186 0.4644222855567932
0.7321314811706543 0.4663853049278259
0.7331948280334473 0.42724576592445374
0.7338494658470154 0.4215509295463562
0.7426299452781677 0.4043176770210266
0.8563686609268188 0.4100882411003113
0.834386944770813 0.4203152060508728
0.7470996975898743 0.4371403157711029
0.6746885180473328 0.45285600423812866
0.6237490773200989 0.44126126170158386
0.6174715757369995 0.43332532048225403
0.5648738145828247 0.43431487679481506
0.5216065645217896 0.522300124168396
0.44237011671066284 0.5520524978637695
0.4491505026817322 0.5525341033935547
0.4602741599082947 0.5468729138374329
0.5005884170532227 0.5315268635749817
0.5256959199905396 0.5308356285095215
0.581701397895813 0.48263463377952576
0.6890990734100342 0.5334075689315796
0.7007743120193481 0.3484005630016327
0.6903098821640015 0.3272618055343628
0.6887359619140625 0.3267211318016052
0.6800976395606995 0.2858779728412628
0.6887856125831604 0.26878756284713745
0.6992937922477722 0.2620266079902649
0.6909996271133423 0.2574249804019928
0.7033295631408691 0.2879442870616913
0.7178853750228882 0.2727016508579254
0.7222323417663574 0.2741495370864868
0.716127872467041 0.3503359258174896
0.7131026387214661 0.36319682002067566
0.7098698019981384 0.35550177097320557
0.7034696340560913 0.35435935854911804
0.7231484055519104 0.32275354862213135
0.8449152708053589 0.4895693361759186
0.8519021272659302 0.5057387351989746
0.7989287972450256 0.6203761696815491
0.7415471076965332 0.5257689356803894
0.7024983167648315 0.6838528513908386
0.6949647068977356 0.6897808313369751
0.6919652223587036 0.6770457029342651
0.6913686990737915 0.6758361458778381
0.6997281312942505 0.6706075668334961
0.7328859567642212 0.6554388403892517
0.7925370931625366 0.6402251720428467
0.8139537572860718 0.6049448251724243
0.8396224975585938 0.5573568940162659
0.7934683561325073 0.3805426061153412
0.755262017250061 0.39343225955963135
0.7468761801719666 0.4020136296749115
0.7410368919372559 0.4316393733024597
0.7359424233436584 0.43316203355789185
0.732950747013092 0.436327189207077
0.793254554271698 0.43779897689819336
0.798904299736023 0.438080757856369
0.7314199209213257 0.41964712738990784
0.7180491089820862 0.4167647659778595
0.7147931456565857 0.4156933128833771
0.7469731569290161 0.3827681541442871
0.8156059980392456 0.3949413001537323
0.7955670952796936 0.38309040665626526
0.7235040068626404 0.39216217398643494
0.6968220472335815 0.42364147305488586
0.5797246098518372 0.4632662534713745
0.538680374622345 0.5018370151519775
0.4976740777492523 0.5152002573013306
0.4532226026058197 0.5361603498458862
0.43635764718055725 0.5484094619750977
0.46293824911117554 0.5419095754623413
0.47609418630599976 0.5347565412521362
0.5232945680618286 0.5023213028907776
0.6636120080947876 0.42349353432655334
0.6928820610046387 0.41693082451820374
0.6946383118629456 0.40980061888694763
0.700141429901123 0.3530938923358917
0.7002770900726318 0.3474052846431732
0.675437331199646 0.34475719928741455
0.6935304403305054 0.2761584520339966
0.6968998312950134 0.27446049451828003
0.7008205056190491 0.2717425227165222
0.6978034377098083 0.3061061203479767
0.699278712272644 0.3187631666660309
0.7041564583778381 0.3041048049926758
0.7053190469741821 0.3023170530796051
0.7285410165786743 0.27847737073898315
0.6929625868797302 0.3217034637928009
0.681024968624115 0.3300986588001251
0.7096502184867859 0.3250107169151306
0.7402637004852295 0.32216915488243103
0.7676097750663757 0.3663806617259979
0.8235583305358887 0.43773841857910156
0.8250597715377808 0.44194379448890686
0.8592658042907715 0.510526716709137
0.7392081022262573 0.678114116191864
0.725239634513855 0.7132977843284607
0.7021003365516663 0.6955244541168213
0.6954096555709839 0.6774265170097351
0.6919631361961365 0.6743956208229065
0.6890634894371033 0.6597421169281006
0.6767821311950684 0.6445497870445251
0.6788739562034607 0.6572922468185425
0.6877263784408569 0.663692831993103
0.6922961473464966 0.6720787882804871
0.6945828795433044 0.6701653003692627
0.7055950164794922 0.6785675287246704
0.7122175097465515 0.6834724545478821
0.7158128619194031 0.6849530339241028
0.7156184315681458 0.6765556931495667
0.7538929581642151 0.7246510982513428
0.7627357840538025 0.7135193347930908
0.7655073404312134 0.7019455432891846
0.768412709236145 0.697932779788971
0.7670148611068726 0.6796473264694214
0.7653359174728394 0.6755492091178894
0.7653613686561584 0.6657679677009583
