0.6869581341743469 0.7247734665870667
0.6960288286209106 0.7258104085922241
0.70114666223526 0.7255347967147827
0.7051300406455994 0.7287005186080933
0.7088524103164673 0.7287455797195435
0.7109428644180298 0.7331286668777466
0.7123561501502991 0.7390269041061401
0.7116786241531372 0.7432166337966919
0.7114456295967102 0.7512085437774658
0.7108386754989624 0.75454181432724
0.7104123830795288 0.7540998458862305
0.7100968956947327 0.7531521320343018
0.709911048412323 0.7525826096534729
0.7101819515228271 0.7520712018013
0.7105025053024292 0.7518802285194397
0.7104233503341675 0.7517706751823425
0.7101026773452759 0.7521132230758667
0.7100256085395813 0.7523483633995056
0.7056334018707275 0.7523133754730225
0.7023038268089294 0.7527215480804443
0.701747477054596 0.752633810043335
0.70160973072052 0.7527867555618286
0.7024312615394592 0.7527559399604797
0.7069689035415649 0.7487695217132568
0.7192724347114563 0.7445043921470642
0.8162263035774231 0.6483739614486694
0.8428629636764526 0.6047770977020264
0.8587788343429565 0.5527647137641907
0.8381726145744324 0.5253452062606812
0.8177927136421204 0.4954754710197449
0.8077037930488586 0.44706860184669495
0.7805447578430176 0.42077356576919556
0.741209864616394 0.4587433636188507
0.743806004524231 0.47401314973831177
0.7487469911575317 0.4792413115501404
0.752925455570221 0.4909524917602539
0.7825205326080322 0.4743611514568329
0.7909935116767883 0.45694440603256226
0.785692572593689 0.4353081285953522
0.7191622257232666 0.4321742355823517
0.7116204500198364 0.42661017179489136
0.7132214307785034 0.41269874572753906
0.7115374803543091 0.40617290139198303
0.7108591198921204 0.402340292930603
0.7128025889396667 0.41337424516677856
0.7135692238807678 0.41336238384246826
0.7149842977523804 0.4173182249069214
0.715153157711029 0.41904133558273315
0.7136591672897339 0.41837385296821594
0.7121763229370117 0.4186057448387146
0.7118802070617676 0.41667988896369934
0.7090163230895996 0.4085271656513214
0.706860363483429 0.40340903401374817
0.7064493894577026 0.40257886052131653
0.7042441368103027 0.39625081419944763
0.7050998210906982 0.39677366614341736
0.7056784629821777 0.3969482183456421
0.706553041934967 0.40490731596946716
0.7076261639595032 0.4113917648792267
0.7089921236038208 0.4165239930152893
0.7102276086807251 0.419890820980072
0.7110998630523682 0.42170313000679016
0.7116791009902954 0.42174482345581055
0.7119719982147217 0.4216329753398895
0.7121734619140625 0.4215313196182251
0.7124914526939392 0.4214596152305603
0.7126625180244446 0.4213586747646332
0.7126911878585815 0.4203121066093445
0.7130706310272217 0.42028793692588806
0.7134529948234558 0.42072439193725586
0.7138872742652893 0.42108994722366333
0.7143488526344299 0.42123541235923767
0.7148021459579468 0.42140743136405945
0.7152944803237915 0.421425461769104
0.7158336043357849 0.42162591218948364
0.7174814343452454 0.421273410320282
0.7179161310195923 0.4193882346153259
0.7181769013404846 0.41853585839271545
0.7183278203010559 0.417664110660553
0.7198972702026367 0.41767677664756775
0.7213900089263916 0.41585907340049744
0.7235143780708313 0.4133376479148865
0.7246655225753784 0.4041600227355957
0.7249006628990173 0.40253645181655884
0.7170647382736206 0.4067501425743103
0.709536612033844 0.4338253438472748
0.683745265007019 0.4472968876361847
0.6343716382980347 0.4683357775211334
0.6087294816970825 0.49014171957969666
0.5720549821853638 0.5161212682723999
0.4736892580986023 0.5726392269134521
0.47036629915237427 0.5754296183586121
0.43043845891952515 0.5965203642845154
0.408790647983551 0.6018455028533936
0.3971170485019684 0.6122652292251587
0.3919837474822998 0.6230797171592712
0.3926231861114502 0.6248404383659363
0.406249463558197 0.6232211589813232
0.4071210026741028 0.623583972454071
0.4061249792575836 0.6220618486404419
0.4064489006996155 0.6211826205253601
0.4049367308616638 0.6236663460731506
0.40306487679481506 0.6259576082229614
0.4032215476036072 0.627406656742096
0.40335598587989807 0.6288428902626038
0.4047529697418213 0.6296297311782837
0.40554195642471313 0.6310698986053467
0.40597647428512573 0.6317174434661865
0.4063456058502197 0.6323170065879822
0.40698909759521484 0.6323355436325073
0.40732812881469727 0.6318644285202026
0.4081544280052185 0.6314700245857239
0.4098889231681824 0.6313968300819397
0.40997523069381714 0.6322030425071716
0.4101405739784241 0.6325421929359436
0.41026657819747925 0.6324058771133423
0.4103371500968933 0.6323013305664062
0.41042718291282654 0.6322260499000549
0.41046732664108276 0.6321844458580017
0.41052737832069397 0.6321210861206055
0.41064897179603577 0.6315475702285767
0.41114217042922974 0.6309472322463989
0.4143369197845459 0.6288455724716187
0.4147045612335205 0.6243487000465393
0.41610264778137207 0.6138428449630737
0.4186828136444092 0.6041017770767212
0.4271109998226166 0.5858803391456604
0.439689576625824 0.5662536025047302
0.5852051973342896 0.42408403754234314
0.6337376236915588 0.401715487241745
0.6545727252960205 0.39982542395591736
0.6828547716140747 0.37457260489463806
0.684961199760437 0.38158324360847473
0.686208188533783 0.3676770329475403
0.6760256290435791 0.3580453097820282
0.6578884720802307 0.36482271552085876
0.6571968793869019 0.36177533864974976
0.6564879417419434 0.34389862418174744
0.6565625667572021 0.3228828012943268
0.659636378288269 0.3110211491584778
0.6644593477249146 0.3112008273601532
0.6673019528388977 0.31026697158813477
0.6647900342941284 0.307238906621933
0.6515762805938721 0.3185504674911499
0.6500383019447327 0.33995571732521057
0.6498181819915771 0.3599127531051636
0.6471339464187622 0.36822232604026794
0.6469920873641968 0.3717012405395508
0.6452090740203857 0.370315283536911
0.6456140279769897 0.36915335059165955
0.6477550268173218 0.37210091948509216
0.649381160736084 0.37412893772125244
0.6520401239395142 0.37642809748649597
0.651966392993927 0.3760722875595093
0.651849091053009 0.37577900290489197
0.6542561650276184 0.37667614221572876
0.6600375175476074 0.3786942660808563
0.6631983518600464 0.3796566426753998
0.6692947149276733 0.38101282715797424
0.6697342395782471 0.3819282352924347
0.6723650097846985 0.38423028588294983
0.6727890968322754 0.3847990036010742
0.6765289902687073 0.38808923959732056
0.6767082214355469 0.3885490298271179
0.6778072118759155 0.3898412585258484
0.6775451898574829 0.38951295614242554
0.6770361661911011 0.38911375403404236
0.6774953603744507 0.3879111707210541
0.6774332523345947 0.38483187556266785
0.6756664514541626 0.3774392008781433
0.6761881113052368 0.3751089870929718
0.6761088371276855 0.3691953122615814
0.6760672926902771 0.3627401292324066
0.697500467300415 0.339842826128006
0.7126821875572205 0.33562031388282776
0.7304902076721191 0.3334059417247772
0.7355411052703857 0.3320446312427521
0.7423980236053467 0.33540740609169006
0.740277886390686 0.35417890548706055
0.738760232925415 0.3583768308162689
0.7083983421325684 0.44617974758148193
0.6970926523208618 0.4573657810688019
0.694340705871582 0.4494038224220276
0.6873305439949036 0.4312785863876343
0.6857657432556152 0.4149654507637024
0.6866577863693237 0.4079001545906067
0.7029066681861877 0.35086068511009216
0.7344251275062561 0.3302822709083557
0.8348522186279297 0.3405512869358063
0.8613624572753906 0.3495568335056305
0.8723214268684387 0.36613893508911133
0.8801021575927734 0.40114450454711914
0.8810343742370605 0.4093479514122009
0.8852127194404602 0.48054239153862
0.8810809254646301 0.5390850305557251
0.8192214965820312 0.6724748015403748
0.7787672281265259 0.6999530792236328
0.7419420480728149 0.7184032797813416
0.717479407787323 0.7325069904327393
0.6918820738792419 0.7638815641403198
0.6788939237594604 0.7799883484840393
0.6470397710800171 0.7526273727416992
0.633279025554657 0.7229207158088684
0.6141802668571472 0.7137740254402161
0.6082919239997864 0.7104628682136536
0.6063426733016968 0.7038516998291016
0.6076638698577881 0.7102483510971069
0.6048839688301086 0.7349746227264404
0.6077021360397339 0.7494510412216187
0.6155317425727844 0.7444273829460144
0.6164931058883667 0.7539305090904236
0.6117426156997681 0.7516736388206482
0.6097729206085205 0.7476962208747864
0.6128165125846863 0.7441467046737671
0.6150093674659729 0.7421935796737671
0.6161357164382935 0.7417179942131042
0.6170517206192017 0.7408997416496277
0.6175840497016907 0.7392339706420898
0.6178890466690063 0.7388722896575928
0.6177965402603149 0.7399165630340576
0.6176841855049133 0.740151584148407
0.6173515915870667 0.7405319213867188
0.6163762211799622 0.7404477596282959
0.6163313388824463 0.7403906583786011
0.616423487663269 0.7403184175491333
0.6166504621505737 0.7403647303581238
0.6169071197509766 0.7406589388847351
0.6171118021011353 0.7407309412956238
0.6190513968467712 0.7407151460647583
0.6204908490180969 0.742412269115448
0.6204856038093567 0.7430116534233093
0.6202082633972168 0.7421327829360962
0.6194508671760559 0.7274650931358337
0.6221202611923218 0.7283068299293518
0.6328794956207275 0.7466748356819153
0.6506515741348267 0.770354151725769
0.6763103008270264 0.7648087739944458
0.6917425394058228 0.7617310285568237
0.7158370614051819 0.7535734176635742
0.8243334889411926 0.634079098701477
0.8354007005691528 0.5880495309829712
0.8365964889526367 0.5431289672851562
0.8122894167900085 0.5159314870834351
0.7898931503295898 0.48793646693229675
0.7778569459915161 0.4646175801753998
0.7523478269577026 0.4584072530269623
0.7153516411781311 0.45382630825042725
0.7181798219680786 0.43440768122673035
0.7204097509384155 0.47826439142227173
0.7503933310508728 0.5276544690132141
0.7671196460723877 0.5417145490646362
0.7648245096206665 0.5411905646324158
0.7146547436714172 0.5172176957130432
0.6777283549308777 0.5870136618614197
0.6723748445510864 0.6256988644599915
0.6733494997024536 0.6331431865692139
0.6703113317489624 0.6949148178100586
0.6717655658721924 0.7263175845146179
0.6688331365585327 0.7276220321655273
0.659265398979187 0.7407596111297607
0.6595889925956726 0.755638837814331
0.6624611616134644 0.7777992486953735
0.6676283478736877 0.7594410181045532
0.6711584329605103 0.7539656162261963
0.6743875741958618 0.7580032348632812
0.6801874041557312 0.7624185085296631
0.68315589427948 0.7541290521621704
0.6827172040939331 0.6643853783607483
0.682210385799408 0.6177435517311096
0.680197536945343 0.6253415942192078
0.6782376766204834 0.6142486929893494
0.6742230653762817 0.5582661032676697
0.6740561723709106 0.5109188556671143
0.673383355140686 0.5048223733901978
0.6717211604118347 0.5501682758331299
0.6911677122116089 0.4909658432006836
0.7078343629837036 0.46713873744010925
0.7140359282493591 0.4635135531425476
0.7181168794631958 0.46821022033691406
0.7180519700050354 0.47015076875686646
0.7287704348564148 0.4653632342815399
0.7454504370689392 0.46278566122055054
0.7884752750396729 0.45287129282951355
0.7896458506584167 0.457044780254364
0.7733051776885986 0.46387597918510437
0.7639297842979431 0.4678284525871277
0.7215436100959778 0.46499234437942505
0.698927640914917 0.483865886926651
0.6706477403640747 0.5157166123390198
0.6214007139205933 0.5342817306518555
0.5106392502784729 0.5733936429023743
0.48012933135032654 0.5937065482139587
0.43108683824539185 0.6286964416503906
0.40409740805625916 0.6434604525566101
0.3905305862426758 0.6611993908882141
0.3863987326622009 0.670206606388092
0.3825131952762604 0.6748948693275452
0.38552528619766235 0.6721982955932617
0.3827657401561737 0.6713969707489014
0.38582664728164673 0.6693214178085327
0.38791629672050476 0.668099582195282
0.3879907429218292 0.666865885257721
0.387239933013916 0.6658617258071899
0.3893294930458069 0.6649332642555237
0.39023488759994507 0.6638028621673584
0.3903394639492035 0.6636908054351807
0.39092570543289185 0.6639785170555115
0.39065736532211304 0.6655094623565674
0.3902808427810669 0.6665962338447571
0.39054960012435913 0.6667506694793701
0.3910602629184723 0.6668905019760132
0.3916919529438019 0.6681520342826843
0.39213141798973083 0.6687371134757996
0.39225202798843384 0.6705811619758606
0.392472505569458 0.6715709567070007
0.3933759927749634 0.6716384887695312
0.39419421553611755 0.671806275844574
0.39483940601348877 0.6717351675033569
0.39528414607048035 0.6716553568840027
0.397842675447464 0.6532859206199646
0.40711507201194763 0.6391941905021667
0.42046794295310974 0.6173151731491089
0.4283670485019684 0.5938261151313782
0.4466288685798645 0.582551121711731
0.4814223349094391 0.5322628617286682
0.5234803557395935 0.48959052562713623
0.6499989628791809 0.4088403880596161
0.661078691482544 0.39400359988212585
0.6592532396316528 0.3874613344669342
0.6625773906707764 0.39442169666290283
0.6618898510932922 0.3946937620639801
0.6596518158912659 0.39388084411621094
0.6557987332344055 0.38691991567611694
0.6439844965934753 0.3711314797401428
0.6914668679237366 0.32863137125968933
0.699268102645874 0.31651151180267334
0.698357343673706 0.3173464834690094
0.6876629590988159 0.32129254937171936
0.6803326606750488 0.3267213702201843
0.675021767616272 0.3333228826522827
0.6719326972961426 0.339821994304657
0.6758722066879272 0.34085813164711
0.6755418181419373 0.3437517583370209
0.6740673780441284 0.34581294655799866
0.6731292605400085 0.34803637862205505
0.6728063821792603 0.3547779619693756
0.673454225063324 0.35510170459747314
0.6761730909347534 0.356547087430954
0.6822608709335327 0.3612092435359955
0.6875444054603577 0.3636032044887543
0.6897794008255005 0.3645319640636444
0.6911308765411377 0.3659626841545105
0.6918573379516602 0.367620587348938
0.6925481557846069 0.36803701519966125
0.6926360726356506 0.3680107891559601
0.6924240589141846 0.36817824840545654
0.6919460892677307 0.3683544993400574
0.6917533874511719 0.36819422245025635
0.6909061074256897 0.36765795946121216
0.6896857023239136 0.3671017289161682
0.6887929439544678 0.36661389470100403
0.6886622309684753 0.36561617255210876
0.6886158585548401 0.3625195324420929
0.6887439489364624 0.3582648038864136
0.7019516229629517 0.3455069661140442
0.712996780872345 0.3415685296058655
0.7283774614334106 0.3352530598640442
0.7400951981544495 0.33325615525245667
0.7497378587722778 0.3331967294216156
0.7488971948623657 0.3347238600254059
0.7529457807540894 0.3474965989589691
0.7284640669822693 0.4294486939907074
0.7187716960906982 0.4485940635204315
0.7142224311828613 0.4456147849559784
0.7064193487167358 0.44131648540496826
0.6960529088973999 0.43438470363616943
0.6937932968139648 0.4333275854587555
0.6946007013320923 0.4323747456073761
0.6951666474342346 0.3755868673324585
0.7881525754928589 0.34326452016830444
0.8228234052658081 0.35163381695747375
0.8475755453109741 0.35984528064727783
0.8609949350357056 0.3754424750804901
0.867926299571991 0.42664632201194763
0.8733371496200562 0.47426164150238037
0.8771297335624695 0.5425304770469666
0.8690762519836426 0.5841001272201538
0.7418419122695923 0.7497137784957886
0.6972607374191284 0.7624816298484802
0.6781474947929382 0.7628434300422668
0.6638995409011841 0.7719433307647705
0.6468152403831482 0.7620353698730469
0.6327754259109497 0.7494978308677673
0.6298210024833679 0.7383929491043091
0.611264705657959 0.7246599793434143
0.611123263835907 0.7144991159439087
0.611803412437439 0.7083551287651062
0.6149217486381531 0.7098724246025085
0.6150699257850647 0.7046769261360168
0.6151953935623169 0.7039127349853516
0.6121298670768738 0.7036978602409363
0.6102516651153564 0.7046395540237427
0.6095351576805115 0.7102815508842468
0.608423113822937 0.7101086974143982
0.607620120048523 0.7113640308380127
0.6046051979064941 0.7108334302902222
0.60514235496521 0.7092997431755066
0.6062380075454712 0.7083798050880432
0.6063658595085144 0.7079938650131226
0.607171893119812 0.7116994261741638
0.6076573729515076 0.7157637476921082
0.6077619194984436 0.7339191436767578
0.6083666086196899 0.7419363856315613
0.6086535453796387 0.7411009669303894
0.6088441610336304 0.739747941493988
0.6093036532402039 0.7409590482711792
0.6094108819961548 0.7406684160232544
0.609447717666626 0.7402349710464478
0.6089332103729248 0.7396501898765564
0.6084562540054321 0.7400411367416382
0.6090238094329834 0.739761471748352
0.6084138751029968 0.7235954403877258
0.6081149578094482 0.7113384008407593
0.6081839799880981 0.7123298048973083
0.6144117116928101 0.716563880443573
0.6180411577224731 0.7207245230674744
0.6259390115737915 0.7317802906036377
0.6384286880493164 0.7461361289024353
0.6529806852340698 0.7735474109649658
0.6670053005218506 0.7804506421089172
0.6859935522079468 0.7754911184310913
0.8008611798286438 0.7012709975242615
0.821325421333313 0.6620655059814453
0.8443895578384399 0.6170389652252197
0.8372567892074585 0.5375645756721497
0.8335684537887573 0.532836377620697
0.8062742948532104 0.5084293484687805
0.7911940813064575 0.47518062591552734
0.7232886552810669 0.4583980441093445
0.7201687693595886 0.48254621028900146
0.7109249830245972 0.47532954812049866
0.721963107585907 0.493936151266098
0.7260527014732361 0.47045934200286865
0.739960253238678 0.48685547709465027
0.7729111909866333 0.4967041611671448
0.7539541125297546 0.47970151901245117
0.730999231338501 0.46646997332572937
0.7222670316696167 0.46062013506889343
0.7130400538444519 0.4694662094116211
0.6959068775177002 0.47422000765800476
0.693248987197876 0.4768369793891907
0.6923850774765015 0.4761121869087219
0.6985891461372375 0.47286471724510193
0.6977245211601257 0.46258699893951416
0.6981483697891235 0.45972487330436707
0.6984363794326782 0.4586705267429352
0.6958097219467163 0.4532155394554138
0.6947532892227173 0.4534192979335785
0.693623423576355 0.45418140292167664
0.6929091811180115 0.4549053907394409
0.6916552782058716 0.45553991198539734
0.6913968920707703 0.45604604482650757
0.691747784614563 0.4564281404018402
0.6919764876365662 0.45652881264686584
0.6920796632766724 0.4571130871772766
0.6921803951263428 0.45777562260627747
0.6935372352600098 0.45783063769340515
0.6960616111755371 0.4583260715007782
0.6989644765853882 0.45811188220977783
0.6983231902122498 0.4580249488353729
0.6983972191810608 0.4594603478908539
0.6983156204223633 0.4593070447444916
0.6984531283378601 0.45698827505111694
0.7193170785903931 0.453203022480011
0.7220417261123657 0.4568324387073517
0.7375001907348633 0.45552319288253784
0.7514023780822754 0.455453097820282
0.7705966234207153 0.4515945017337799
0.7691791653633118 0.45094653964042664
0.7632724642753601 0.45045167207717896
0.7585559487342834 0.4516347646713257
0.683037519454956 0.4964490532875061
0.6761850714683533 0.49285784363746643
0.589706301689148 0.5308264493942261
0.544092059135437 0.5538336634635925
0.5157651305198669 0.5716131329536438
0.4768396317958832 0.5903937220573425
0.4600370526313782 0.5976923108100891
0.38767674565315247 0.629711925983429
0.3788558542728424 0.6397270560264587
0.3819321393966675 0.6392208337783813
0.3798622786998749 0.6428849697113037
0.38284292817115784 0.6428515911102295
0.38316524028778076 0.6452552080154419
0.38620075583457947 0.6439490914344788
0.3863827586174011 0.6442409753799438
0.3868921101093292 0.643883466720581
0.3869405686855316 0.6440145373344421
0.38724789023399353 0.6429489254951477
0.38749101758003235 0.6427960991859436
0.3878844380378723 0.6436296701431274
0.38753581047058105 0.6443443894386292
0.3888019621372223 0.6441301107406616
0.3903927505016327 0.6440600156784058
0.39130404591560364 0.6453540325164795
0.39199790358543396 0.6469359993934631
0.39240866899490356 0.6480249166488647
0.3929683566093445 0.6483374834060669
0.39370447397232056 0.6481292247772217
0.39449435472488403 0.6479943990707397
0.3955915868282318 0.6464201807975769
0.4276801645755768 0.5932077765464783
0.4426134526729584 0.5722266435623169
0.47185254096984863 0.5476522445678711
0.5052900314331055 0.5211290121078491
0.5403555035591125 0.5026496648788452
0.6000612378120422 0.45911893248558044
0.6353636980056763 0.4670138657093048
0.6449357867240906 0.43975508213043213
0.666944682598114 0.4060508906841278
0.6537125110626221 0.3916293680667877
0.6487070322036743 0.3986717164516449
0.6487463116645813 0.40382060408592224
0.6394129991531372 0.4016846716403961
0.6393434405326843 0.3953731954097748
0.6430402398109436 0.3808814287185669
0.6625189185142517 0.3323272168636322
0.6625623106956482 0.32895591855049133
0.6550028324127197 0.33593466877937317
0.6513692140579224 0.3492419123649597
0.6496917605400085 0.354282021522522
0.6477742791175842 0.3699630796909332
0.6465901136398315 0.37118878960609436
0.6498117446899414 0.3728238642215729
0.6563292741775513 0.3737089931964874
0.6568211317062378 0.37391480803489685
0.6585099101066589 0.37445250153541565
0.6600527167320251 0.37455716729164124
0.6594843864440918 0.37497478723526
0.6604034304618835 0.37532755732536316
0.6639589071273804 0.376250296831131
0.6630021333694458 0.3764127790927887
0.6635098457336426 0.3765845000743866
0.6643357872962952 0.37666043639183044
0.6648212671279907 0.37617287039756775
0.6652898192405701 0.37627649307250977
0.66632479429245 0.3769585192203522
0.6676404476165771 0.3796916902065277
0.6679540872573853 0.3811243176460266
0.6673526167869568 0.3806433379650116
0.666569173336029 0.37841561436653137
0.666763186454773 0.3765195310115814
0.6683396697044373 0.3738146424293518
0.6685072183609009 0.36346617341041565
0.6730140447616577 0.35671839118003845
0.6775286197662354 0.3506888449192047
0.7092496752738953 0.3409949243068695
0.7265499234199524 0.34214508533477783
0.7381288409233093 0.35428446531295776
0.746627926826477 0.36876383423805237
0.753756046295166 0.3800705373287201
0.7517284750938416 0.39872339367866516
0.7192810773849487 0.40980857610702515
0.692844033241272 0.47423747181892395
0.6752274036407471 0.4780896008014679
0.6733495593070984 0.457523912191391
0.6736704111099243 0.4554848074913025
0.6785544753074646 0.40841391682624817
0.7058717012405396 0.3866153061389923
0.7135292887687683 0.38011056184768677
0.8416746854782104 0.3853791356086731
0.8613484501838684 0.40476518869400024
0.8769146800041199 0.4515950381755829
0.879220187664032 0.5034191012382507
0.8561714887619019 0.6040738224983215
0.8525896072387695 0.6115671396255493
0.8365432024002075 0.6581767201423645
0.7004948854446411 0.782974898815155
0.6475213766098022 0.7593963742256165
0.642514705657959 0.7557294368743896
0.6322072148323059 0.7500942945480347
0.6197899580001831 0.735836923122406
0.617034375667572 0.7296597361564636
0.6214557886123657 0.7087565660476685
0.615688681602478 0.703086793422699
0.6105433106422424 0.6984828114509583
0.6023052930831909 0.7001439929008484
0.599448025226593 0.7052627205848694
0.6008620262145996 0.7107172608375549
0.6026509404182434 0.7089077830314636
0.602406919002533 0.7121220827102661
0.6037012338638306 0.7146268486976624
0.6061033606529236 0.7282361388206482
0.6073493361473083 0.732929527759552
0.6083092093467712 0.7363801598548889
0.6088014841079712 0.7354689240455627
0.6092700362205505 0.7360334396362305
0.6096386313438416 0.7350025177001953
0.6098964214324951 0.7339194416999817
0.6098062992095947 0.7330164313316345
0.6098480820655823 0.7323960065841675
0.609528124332428 0.7320222854614258
0.6075681447982788 0.7312542796134949
0.605710506439209 0.7268602252006531
0.6042110323905945 0.7218553423881531
0.6035593748092651 0.7188828587532043
0.6013360023498535 0.7179921865463257
0.6018446087837219 0.7453336715698242
0.6045740246772766 0.7561613321304321
0.6136787533760071 0.7687925100326538
0.6164679527282715 0.7741449475288391
0.6181904077529907 0.7730274796485901
0.632525622844696 0.7761030197143555
0.6448630094528198 0.7833118438720703
0.6931160688400269 0.7801858186721802
0.7078977823257446 0.7817295789718628
0.7163494825363159 0.7861587405204773
0.7217944860458374 0.7833329439163208
0.7228466272354126 0.7824985384941101
0.7230486869812012 0.7823461294174194
0.7245040535926819 0.7783119082450867
0.7238348126411438 0.7656652927398682
0.7186307907104492 0.7406771779060364
0.7163889408111572 0.7361394166946411
0.7139090299606323 0.7350374460220337
0.712499737739563 0.7269666194915771
0.7121545076370239 0.7232411503791809
0.711920440196991 0.7174679040908813
0.7121260166168213 0.7131440043449402
0.7117964625358582 0.7102176547050476
