0.7888646125793457 0.6526586413383484
0.7878725528717041 0.6625211238861084
0.7869407534599304 0.6719875335693359
0.7818600535392761 0.6868509650230408
0.7787160873413086 0.6973808407783508
0.7768034338951111 0.7039182186126709
0.7764575481414795 0.7063073515892029
0.7735873460769653 0.7051914930343628
0.7684195637702942 0.7074310183525085
0.7675037384033203 0.7072807550430298
0.7606416940689087 0.7049642205238342
0.7570114135742188 0.7035273909568787
0.7542354464530945 0.7025018334388733
0.7524819374084473 0.7023456692695618
0.746444821357727 0.7021713852882385
0.7441545724868774 0.7021379470825195
0.7438825368881226 0.7006370425224304
0.7440817356109619 0.6970940232276917
0.7803263068199158 0.668617308139801
0.8067575693130493 0.6433470845222473
0.8438911437988281 0.5876050591468811
0.8648411631584167 0.5352316498756409
0.8537983894348145 0.38363805413246155
0.7980413436889648 0.3638272285461426
0.7680750489234924 0.3871740996837616
0.7597237825393677 0.4392169415950775
0.7475994229316711 0.4413027763366699
0.7933252453804016 0.44933584332466125
0.7725211381912231 0.4128580093383789
0.7612739205360413 0.3788212537765503
0.7522761821746826 0.405413955450058
0.7387485504150391 0.3952048122882843
0.733216404914856 0.3940264880657196
0.7168874144554138 0.3867741525173187
0.7446975111961365 0.3765384256839752
0.8251868486404419 0.3796446919441223
0.7947847843170166 0.3828772306442261
0.7015708684921265 0.4572475254535675
0.6910611391067505 0.46964260935783386
0.6086279153823853 0.48927369713783264
0.47934311628341675 0.5382200479507446
0.5125270485877991 0.5339405536651611
0.47122281789779663 0.5499878525733948
0.4869793951511383 0.5497229099273682
0.5059947967529297 0.5374805331230164
0.6757758855819702 0.5093587636947632
0.7324243783950806 0.42043253779411316
0.7451122999191284 0.3900695741176605
0.7337840795516968 0.38238707184791565
0.7160583734512329 0.34343841671943665
0.7113944888114929 0.32775819301605225
0.7112478613853455 0.32718461751937866
0.7016217112541199 0.33225420117378235
0.7030962109565735 0.2672315239906311
0.7040629386901855 0.25951915979385376
0.7059136629104614 0.25866252183914185
0.7053067684173584 0.2743067145347595
0.7019579410552979 0.29528653621673584
0.7291709184646606 0.2703242003917694
0.7344672679901123 0.2696723937988281
0.6939488649368286 0.2786563038825989
0.7065134644508362 0.3019905686378479
0.7306414842605591 0.31514814496040344
0.7696079015731812 0.3177908658981323
0.8046967387199402 0.3609776198863983
0.8234555125236511 0.4509381353855133
0.8560940027236938 0.516190230846405
0.843640148639679 0.582085371017456
0.8185465931892395 0.6563491821289062
0.726766049861908 0.700981080532074
0.7061132788658142 0.68641597032547
0.7039446234703064 0.6798876523971558
0.7052918672561646 0.6876409649848938
0.7025381326675415 0.6955967545509338
0.7146607637405396 0.6986379027366638
0.7199734449386597 0.6868851184844971
0.8386026620864868 0.5105489492416382
0.817182719707489 0.4523710310459137
0.8058724403381348 0.3878284692764282
0.7747175693511963 0.3870859444141388
0.764046847820282 0.39000576734542847
0.7178642153739929 0.5161272287368774
0.7136891484260559 0.5297601222991943
0.8027779459953308 0.46726033091545105
0.7532048225402832 0.4498325288295746
0.7277055978775024 0.4435654878616333
0.7202389240264893 0.44954735040664673
0.7163529992103577 0.4254452884197235
0.7217822074890137 0.41571128368377686
0.8452027440071106 0.37898194789886475
0.8410454988479614 0.39370453357696533
0.8312482833862305 0.40850910544395447
0.7321217060089111 0.4226636290550232
0.666246235370636 0.45580965280532837
0.621272087097168 0.47150278091430664
0.5900117754936218 0.49062350392341614
0.5448688268661499 0.5025777220726013
0.5406011343002319 0.5276321172714233
0.4874477982521057 0.5397345423698425
0.4867399334907532 0.5481189489364624
0.5302850008010864 0.5319203734397888
0.5370309948921204 0.5235417485237122
0.5623797178268433 0.47374284267425537
0.6905425190925598 0.4945315420627594
0.694669783115387 0.4601319432258606
0.7005735635757446 0.34598541259765625
0.6898720860481262 0.3355541229248047
0.6709060072898865 0.3273908197879791
0.665655255317688 0.3274037539958954
0.6809775829315186 0.3011501431465149
0.6868488192558289 0.27440497279167175
0.7091912031173706 0.2400067299604416
0.7052276134490967 0.23511454463005066
0.7009812593460083 0.2770310938358307
0.7068778276443481 0.27329978346824646
0.730779230594635 0.24907620251178741
0.7569915056228638 0.23417066037654877
0.7353708744049072 0.2540145516395569
0.7140355110168457 0.320309042930603
0.7177620530128479 0.3248310387134552
0.7373616099357605 0.32099905610084534
0.7723132967948914 0.3535807430744171
0.7786634564399719 0.36006414890289307
0.8483357429504395 0.4776424467563629
0.8428150415420532 0.5558162927627563
0.8157845735549927 0.6214925646781921
0.6646764278411865 0.6809934973716736
0.6743135452270508 0.6732994318008423
0.6725003123283386 0.6722157001495361
0.6703211069107056 0.6660324931144714
0.748652458190918 0.63402259349823
0.8042930364608765 0.6292158365249634
0.8279104232788086 0.624066174030304
0.8562121391296387 0.570536196231842
0.8627426028251648 0.511724591255188
0.8514407277107239 0.4571763873100281
0.8322545289993286 0.40102773904800415
0.8013579249382019 0.36319953203201294
0.6948272585868835 0.42812708020210266
0.6953588724136353 0.4077068567276001
0.7874971628189087 0.418301522731781
0.8077576756477356 0.4284270405769348
0.7924128770828247 0.43421080708503723
0.7873145341873169 0.430263489484787
0.7311328649520874 0.46257704496383667
0.7084688544273376 0.434912770986557
0.713654637336731 0.40087470412254333
0.7473076581954956 0.3731580078601837
0.7939306497573853 0.37539491057395935
0.8431584239006042 0.3835314214229584
0.8483160734176636 0.38369840383529663
0.8434319496154785 0.3829742968082428
0.7566741704940796 0.42842280864715576
0.5963445901870728 0.4731711149215698
0.5216790437698364 0.511486291885376
0.4524455666542053 0.5386927127838135
0.5341615080833435 0.5244796276092529
0.5548087954521179 0.5159510970115662
0.5031488537788391 0.5263935923576355
0.46566304564476013 0.5296229124069214
0.4935947060585022 0.5187740921974182
0.669445812702179 0.5121743679046631
0.7100225687026978 0.45740896463394165
0.7240042686462402 0.34815409779548645
0.7361629605293274 0.34129518270492554
0.736725926399231 0.3435284197330475
0.7127090692520142 0.32642072439193726
0.69694983959198 0.2998042106628418
0.6808618307113647 0.28681573271751404
0.6780661344528198 0.2564007043838501
0.6767873167991638 0.28429242968559265
0.6759452223777771 0.28498655557632446
0.6753296256065369 0.288106769323349
0.6975969076156616 0.2557377219200134
0.7290520668029785 0.2299562245607376
0.7339674234390259 0.23229609429836273
0.6923085451126099 0.33290380239486694
0.7080957293510437 0.3179839253425598
0.7298535704612732 0.31630298495292664
0.7685643434524536 0.3213692307472229
0.8154854774475098 0.3734680712223053
0.8366187214851379 0.4469091296195984
0.8577448725700378 0.5068182349205017
0.8433340787887573 0.5694180130958557
0.8195873498916626 0.6299228072166443
0.6960938572883606 0.6945133805274963
0.6959241628646851 0.6746958494186401
0.6912028193473816 0.6735859513282776
0.6834018230438232 0.6765619516372681
0.6884949803352356 0.6839123964309692
0.6847905516624451 0.687071681022644
0.6971222162246704 0.7005191445350647
0.8065455555915833 0.6966781616210938
0.816539466381073 0.6978047490119934
0.8172911405563354 0.6976194381713867
0.8200932741165161 0.6828676462173462
0.8184772729873657 0.676960289478302
0.8140398859977722 0.6726505756378174
0.8061209917068481 0.6699590682983398
0.8022645115852356 0.668389618396759
0.7506142854690552 0.666265606880188
0.740672767162323 0.6642827987670898
0.7383918762207031 0.6628528237342834
0.7367303371429443 0.6574134230613708
0.7344173789024353 0.6537122130393982
0.7345343828201294 0.6517312526702881
0.7369560599327087 0.6447172164916992
