0.46962809562683105 0.8190918564796448 -0.438835471868515
0.41766270995140076 0.866023063659668 0.534132719039917
0.4558473527431488 0.8691042065620422 0.6044434309005737
0.49462461471557617 0.9403589963912964 -0.025437528267502785
0.5079126954078674 0.9803416728973389 0.15714672207832336
0.5091458559036255 1.0052512884140015 0.17922140657901764
0.4979061186313629 0.9882295727729797 0.20642343163490295
0.4888553023338318 0.9996577501296997 0.4529075622558594
0.4841301441192627 1.0273923873901367 0.6039104461669922
0.4085516333580017 0.9428905248641968 0.7986670136451721
0.39382150769233704 0.9208828806877136 1.1142752170562744
0.40347304940223694 0.9219078421592712 1.2940033674240112
0.4061620831489563 0.9200466871261597 1.140058159828186
0.3930753767490387 0.9107783436775208 1.390779733657837
0.3817902207374573 0.9006024599075317 1.3081103563308716
0.37866759300231934 0.8972955346107483 1.342034935951233
0.37480467557907104 0.8972167372703552 1.2279667854309082
0.37965312600135803 0.8995355367660522 1.245697021484375
0.461663156747818 0.9745818376541138 1.1116106510162354
0.45817241072654724 0.9901893734931946 0.923501193523407
0.40208035707473755 0.9466555714607239 0.8015490770339966
0.48322463035583496 1.0810407400131226 0.27760547399520874
0.4690152108669281 1.0635590553283691 0.31706753373146057
0.4576281011104584 1.0285073518753052 0.5121382474899292
0.5298291444778442 1.104764699935913 0.22908146679401398
0.5388690829277039 1.14277982711792 0.29636019468307495
0.5439308881759644 1.100518822669983 0.31491348147392273
0.5785479545593262 1.1313070058822632 0.16883119940757751
0.5531243085861206 1.136989951133728 0.15688183903694153
0.49760374426841736 1.1200278997421265 0.2977021038532257
0.4592415690422058 1.0545881986618042 0.4218401312828064
0.45614147186279297 1.0372027158737183 0.35446617007255554
0.43508201837539673 0.9642507433891296 0.6387248635292053
0.4166948199272156 0.8896816372871399 0.9153610467910767
0.4241243302822113 0.8878384232521057 1.0598843097686768
0.39658427238464355 0.8921985030174255 1.1947195529937744
0.3801993727684021 0.8834308385848999 0.9270243644714355
0.3866424262523651 0.9091998934745789 1.2705752849578857
0.40382862091064453 0.9213503003120422 1.2460353374481201
0.38194236159324646 0.9021443724632263 1.0528799295425415
0.4616233706474304 0.9899618625640869 1.0062013864517212
0.39105886220932007 0.9128408432006836 0.9744439125061035
0.37591734528541565 0.8966996073722839 1.0337060689926147
0.379341721534729 0.8948014378547668 0.9866023063659668
0.3816407322883606 0.8937920331954956 1.049346685409546
0.3774842917919159 0.8923247456550598 1.1123723983764648
0.38020437955856323 0.8937927484512329 1.1145087480545044
0.3815672993659973 0.8945506811141968 1.1708532571792603
0.38514426350593567 0.8951972126960754 1.1434686183929443
0.3997379541397095 0.9065641164779663 1.1860878467559814
0.40532517433166504 0.9118996262550354 1.2229890823364258
0.4108397960662842 0.9154255986213684 1.2170653343200684
0.4105406701564789 0.9080526232719421 1.2089228630065918
0.4010842740535736 0.9011489152908325 1.2476286888122559
0.4010791778564453 0.901231586933136 1.5301058292388916
0.4191771149635315 0.9017398357391357 1.5237418413162231
0.3992803394794464 0.907268226146698 0.847105860710144
0.3785698413848877 0.91241055727005 0.8775483965873718
0.4208526015281677 1.0110327005386353 0.602206826210022
0.5505672693252563 1.124065637588501 0.3140448033809662
0.5444582104682922 1.1317970752716064 0.31051892042160034
0.5103824138641357 1.0684394836425781 0.5855435729026794
0.5623763203620911 1.1261132955551147 0.36448848247528076
0.526260495185852 1.0933488607406616 0.32657742500305176
0.4920061230659485 1.0823116302490234 0.438384473323822
0.49604398012161255 1.0813689231872559 0.2905300259590149
0.39943066239356995 0.923083484172821 0.30047887563705444
0.3731287717819214 0.899272084236145 0.7403925061225891
0.37673088908195496 0.890062153339386 1.221859097480774
0.3928277790546417 0.900446355342865 1.3445411920547485
0.44156402349472046 0.8968468308448792 1.3592194318771362
0.41963475942611694 0.9034215807914734 1.2811673879623413
0.41472330689430237 0.9063398241996765 1.2878044843673706
0.4102497696876526 0.9038807153701782 1.2483736276626587
0.4102421700954437 0.9032906889915466 1.241683840751648
0.3971746563911438 0.8949010372161865 1.2015750408172607
0.4010860025882721 0.9006747007369995 1.2361749410629272
0.4031940996646881 0.9037190079689026 1.1924002170562744
0.4046579897403717 0.9044046998023987 1.1841773986816406
0.3985536992549896 0.8981854319572449 0.9816204309463501
0.3886203169822693 0.893358051776886 0.8975139856338501
0.39581507444381714 0.902568519115448 1.014243483543396
0.39629116654396057 0.9031368494033813 1.0740505456924438
0.4182494282722473 0.9248058199882507 1.109850287437439
0.48405465483665466 1.0281939506530762 1.1763697862625122
0.4989352822303772 1.049842119216919 1.1863983869552612
0.4828875660896301 1.0136500597000122 1.180376410484314
0.5048214197158813 1.02915620803833 1.2171071767807007
0.5246186256408691 1.0409168004989624 1.1886540651321411
0.5346052646636963 1.0399092435836792 1.241625189781189
0.5300708413124084 1.034205436706543 1.2181830406188965
0.5228466391563416 0.9414168000221252 1.2394444942474365
0.4672415852546692 0.8822326064109802 1.3060712814331055
0.41580432653427124 0.8890663385391235 0.8395570516586304
0.42218437790870667 0.8939571976661682 0.5835256576538086
0.4231705069541931 0.8966701626777649 0.546148955821991
0.499525785446167 0.7690243124961853 0.689884603023529
0.5464320778846741 1.0290783643722534 -0.1489577442407608
0.5491413474082947 0.9252243638038635 0.13214150071144104
0.5494186282157898 0.9629858732223511 -0.1260956972837448
0.5983292460441589 0.6822388768196106 -0.3831411302089691
0.5849092602729797 0.6723366975784302 -0.022166604176163673
0.5942085981369019 0.6672715544700623 0.19116176664829254
